25x25
010101010101010101010101
010101010101010101010111
010101010101010101010101
010101010101010101010111
010101010101010101010101
010101010101010101010111
010101010101010101010101
010101010101010101010111
010101010101010101010101
010101010101010101010111
010101010101010101010101
010101010101010101010111
010101010101010101010101
010101010101010101010111
010101010101010101010101
010101010101010101010111
010101010101010101010101
010101010101010101010111
010101010101010101010101
010101010101010101010111
010101010101010101010101
010101010101010101010111
010101010101010101010111
111111111111111111111111