25x25
000000000000000000000000
100111111100101010010100
001010110110111010101110
111110111111011111011110
011100101110011011111000
101111101101011110101000
011101101011001110101000
110101111111101101101010
001010111110011010110100
101111011110011010111110
001101110011111110110100
110101101001000011011000
010010111101001011010100
110011011111111101011110
011101011010101101101110
111101111111111111010100
010101010111111111100110
111111011101111111010100
001110110111110111111110
110101110111101110101110
011111111110111101100110
101011110111011110111000
011110111111111110100110
111100011101111111010110