25x25
010101010101010101010101
111111111111111111111111
010101010101010101010101
111111111111111111111111
010101010101010101010101
111111111111111111111111
010101010101010101010101
111111111111111111111111
010101010101010101010101
111111111111111111111111
010101010101010101010101
111111111111111111111111
010101010101010101010101
111111111111111111111111
010101010101010101010101
111111111111111111111111
010101010101010101010101
111111111111111111111111
010101010101010101010101
111111111111111111111111
010101010101010101010101
111111111111111111111111
010101010101010101010101
111111111111111111111111