25x25
011111000000000000111100
010001111111111111100100
010001000001000000000100
010001000001000000000100
010001111111111111111100
010101000001000000100100
010101111111111111100100
010101000001000000100100
010101111111111111100100
010101000001000000100100
010101000001000000100100
010101000001000000100100
010101111111111111111100
010101000001000000100000
010101000001000000100000
010101111111111111111110
011101000100000100101010
001101111100000100101010
001001000100000100101010
001001001110000100101110
001001001000000100101110
001001001000000100101010
001111111111111111111110
000000000000000000000000